13 01:38, 040101 =>  170201,  28, 000436
13 03:16, 040101 =>  050301,  28, 000892
13 03:33, 130101 =>  240101,   5, 000211
13 04:50, 150101 =>  120701,  22, 000476
13 05:29, 040101 =>  180101,  11, 000858
13 06:25, 040101 =>  030301,  16, 000642
13 07:00, 040101 =>  080701,  10, 000183
13 08:10, 150101 =>  021001,  20, 000052
13 08:45, 150101 =>  101101,  10, 000413
13 09:16, 150101 =>  021401,   9, 000456
13 09:41, 040101 =>  050501,   7, 000605
13 09:58, 130101 =>  240101,   5, 000638
13 10:12, 040101 =>  180301,   4, 000164
13 10:40, 130101 =>  220601,   8, 000220
13 12:29, 150101 =>  090201,  31, 000533
13 14:21, 150101 =>  090701,  32, 000502
13 14:31, 040101 =>  210801,   3, 000256
13 14:49, 150101 =>  021301,   5, 000265
13 14:59, 040101 =>  040301,   3, 000396
13 15:34, 130101 =>  160601,  10, 000009
13 16:16, 150101 =>  100301,  12, 000994
13 16:27, 040101 =>  080301,   3, 000629
13 17:12, 150101 =>  100101,  13, 000082
